Season 2022 REG — 32 teams

Team  Non-QB Carries  Top1  Top2  Top3  Remainder  RB Rec  RB Rec%  RB1 Rec  RB2 Rec  RB3 Rec  RB Rem
----  --------------  ----  ----  ----  ---------  ------  -------  -------  -------  -------  ------
 ARI             334   183    70    27         54      84     19.4       46       24        4      10
 ATL             458   210   144    76         28      52     20.2       16       21        2      13
 BAL             368   109    92    87         80      49     16.3       17        7        0      25
 BUF             301   177    89    17         18      79     21.9       38       21        7      13
 CAR             435   203    95    85         52      64     24.0        5       14       33      12
 CHI             390   201   129    24         36      46     20.6       34        9        2       1
 CIN             321   210    95     6         10     103     24.6       60       38        2       3
 CLE             447   302   123     8         14      67     20.0       27       35        0       5
 DAL             477   231   193    38         15      62     17.5       17       39        6       0
 DEN             383   160    90    47         86      92     26.7       26       25       16      25
 DET             446   262    99    42         43      81     21.1       12       48       12       9
  GB             421   213   186    10         12      88     24.2       59       28        1       0
 HOU             340   220    42    41         37      98     27.8       30       20        6      42
 IND             393   192    76    68         57      99     24.9       28        4       30      37
 JAX             382   220    81    46         35      64     16.2       35        9       20       0
  KC             351   170    72    71         38      87     20.0       13       56       17       1
  LA             356   188    70    35         63      49     14.1       13       17        9      10
 LAC             349   204    69    36         40     140     28.9      107       14        9      10
  LV             390   340    17    17         16      92     25.6       53        9        0      30
 MIA             349   181    84    42         42      58     15.8       31       12       10       5
 MIN             369   264    74     9         22      56     12.5       39       15        2       0
  NE             368   210   106    18         34      94     26.3       69       17        0       8
  NO             430   223    96    62         49      82     24.3       57       16        4       5
 NYG             389   295    54    31          9      82     23.7       57       20        5       0
 NYJ             359   114    85    80         80      87     24.4       41       13       19      14
 PHI             372   259    54    53          6      48     13.7       20        5       23       0
 PIT             426   272    77    20         57      73     20.1       41       28        2       2
 SEA             357   228    57    35         37      68     17.0       27        4       17      20
  SF             441   159    92    45        145      68     20.1       52       10        3       3
  TB             357   189   129    17         22     128     25.7       73       50        3       2
 TEN             418   349    25    22         22      70     24.6       33       11       21       5
 WAS             483   205   149    38         91      89     25.9        9       46        7      27
