Season 2021 REG — 32 teams

Team  Non-QB Carries  Top1  Top2  Top3  Remainder  RB Rec  RB Rec%  RB1 Rec  RB2 Rec  RB3 Rec  RB Rem
----  --------------  ----  ----  ----  ---------  ------  -------  -------  -------  -------  ------
 ARI             383   202   116    34         31      89     21.4       37       43        6       3
 ATL             353   153   138    28         34     101     26.8       52       44        1       4
 BAL             332   133   119    35         45      62     15.7       34       10        9       9
 BUF             324   188    96    26         14      73     17.6       40       23        7       3
 CAR             353   172    99    44         38     107     30.7       25       37       35      10
 CHI             383   225   103    40         15      73     22.0       42       14       16       1
 CIN             389   292    55    17         25      85     22.1       42       27       15       1
 CLE             436   228   100    78         30      81     25.3       20       19       22      20
 DAL             416   237   130    33         16      92     20.7       47       39        6       0
 DEN             415   203   203     4          5      73     20.6       43       28        2       0
 DET             407   153   151    55         48     106     26.8       26       62        7      11
  GB             399   187   171    23         18      89     22.1       34       52        2       1
 HOU             383   122    92    67        102      79     22.3       25        7       32      15
 IND             439   332    56    28         23      82     25.3       40       40        2       0
 JAX             318   164    72    43         39      59     16.3       31       12       13       3
  KC             357   144   119    51         43      87     19.4       47       19        8      13
  LA             386   208   149     8         21      53     13.1       21       29        3       0
 LAC             358   206    68    36         48      98     22.1       70       22        1       5
  LV             359   217    63    55         24     108     25.2       54       30       10      14
 MIA             381   173    71    54         83      72     17.8       49        4       12       7
 MIN             418   249   134    13         22      73     18.3       34       32        4       3
  NE             434   202   133    44         55      93     25.5       18       14       41      20
  NO             466   240    70    68         88      76     25.9       47       20        5       4
 NYG             342   162   145    24         11      82     23.4       41       40        1       0
 NYJ             340   147    84    61         48      84     23.5       36       11       34       3
 PHI             402   137    87    86         92      74     24.1       26       13        2      33
 PIT             386   307    36    14         29      79     18.6       74        2        2       1
 SEA             361   119   108    54         80      58     17.9        6        9        6      37
  SF             423   207    79    59         78      52     15.2       19        7        3      23
  TB             348   180   101    36         31     110     22.4       69       10        4      27
 TEN             490   219   133    56         82      80     22.3       18        9       19      34
 WAS             414   258    68    48         40     103     28.9       42       10       43       8
