Season 2024 REG — 32 teams

Team  Non-QB Carries  Top1  Top2  Top3  Remainder  RB Rec  RB Rec%  RB1 Rec  RB2 Rec  RB3 Rec  RB Rem
----  --------------  ----  ----  ----  ---------  ------  -------  -------  -------  -------  ------
 ARI             378   236    63    35         44      83     22.2       47        6       11      19
 ATL             465   304   137    13         11      74     20.3       61       13        0       0
 BAL             411   325    47    15         24      65     20.4       19       42        1       3
 BUF             372   207   113    41         11      67     20.4       32       17       18       0
 CAR             356   250    55    15         36      71     20.8       43       24        0       4
 CHI             344   253    55    14         22      63     17.8       42       16        2       3
 CIN             336   229    74    28          5      85     18.5       54       23        8       0
 CLE             312   104   102    71         35      63     15.9       37        5        6      15
 DAL             379   235    74    17         53      67     16.8       39       12        3      13
 DEN             365   139   113    76         37      85     22.4       52       24        5       4
 DET             494   250   185    31         28      95     23.8       52       36        3       4
  GB             481   301   103    36         41      59     19.2       36       11       11       1
 HOU             379   245    40    40         54      63     17.6       36        4        2      21
 IND             401   303    56    32         10      45     15.6       18       16       11       0
 JAX             360   168   150    32         10      58     16.9        7       39       12       0
  KC             388   200    83    56         49      70     17.3       23       12        7      28
  LA             418   316    58    22         22      47     12.8       34        7        5       1
 LAC             392   195   101    43         53      43     12.8       32        3        5       3
  LV             331   132    66    65         68      89     21.7       36       40        6       7
 MIA             402   203    85    68         46     103     24.9       78       19        3       3
 MIN             387   255    64    56         12      68     18.7       51       10        6       1
  NE             367   207   120    20         20      66     19.3       33       23       10       0
  NO             398   228    48    39         83      97     28.5       68        9        5      15
 NYG             330   192   113    14         11      69     18.9       38       21       10       0
 NYJ             338   209    92    30          7      85     22.1       57       19        9       0
 PHI             457   345    75    30          7      54     17.8       33       16        4       1
 PIT             428   263   120    32         13      86     26.8       36       38       12       0
 SEA             329   153   135    31         10      92     22.3       46       42        3       1
  SF             379   153    84    50         92      44     12.6       11       15       15       3
  TB             418   207   144    50         17     107     26.2       47       51        9       0
 TEN             380   260    84    22         14      73     21.7       41       30        2       0
 WAS             360   187    77    55         41      65     17.8       20       35        9       1
