Season 2025 REG — 32 teams

Team  Non-QB Carries  Top1  Top2  Top3  Remainder  RB Rec  RB Rec%  RB1 Rec  RB2 Rec  RB3 Rec  RB Rem
----  --------------  ----  ----  ----  ---------  ------  -------  -------  -------  -------  ------
 ARI             299    92    82    44         81      91     21.3       33       22       13      23
 ATL             442   287   143     9          3      93     28.0       79       14        0       0
 BAL             412   307    59    18         28      55     19.8       15        9       21      10
 BUF             426   309    58    50          9      69     20.1       33       10       24       2
 CAR             402   236   134    20         12      72     21.9       39       30        3       0
 CHI             426   223   169    15         19      52     15.6       34       18        0       0
 CIN             343   232    84    16         11      87     21.1       69       17        1       0
 CLE             380   230    65    27         58      95     29.4       26       33        3      33
 DAL             407   252    52    38         65      61     14.6       35        2        1      23
 DEN             372   153   146    37         36      81     20.9       11       47        4      19
 DET             420   243   158     6         13     101     25.6       77       24        0       0
  GB             418   234   125    27         32      64     19.5       36       15       13       0
 HOU             414   196   122    43         53      54     14.8       24       13        7      10
 IND             385   323    26    14         22      64     17.8       46        0       16       2
 JAX             395   260    83    23         29      56     16.3       36       10       10       0
  KC             354   163   118    44         29      64     17.6       18       19       25       2
  LA             427   259   145    10         13      44     11.3       36        8        0       0
 LAC             366   155   124    41         46      59     16.1       16       32        3       8
  LV             322   266    22    12         22      74     21.8       55       12        4       3
 MIA             401   238    70    70         23      79     24.5       67        7        5       0
 MIN             355   159   132    32         32      59     19.8       14       28       14       3
  NE             381   180   130    25         46      70     19.4       35       32        2       1
  NO             359   131    57    52        119      68     17.1       33       17        5      13
 NYG             400   176   119   101          4      78     24.1       36       18       24       0
 NYJ             345   243    43    18         41      60     20.1       36       21        2       1
 PHI             365   280    58    14         13      52     16.4       37        3        9       3
 PIT             379   211   114    28         26     114     31.2       40       73        1       0
 SEA             463   221   184    22         36      53     16.3       31       20        2       0
  SF             411   311    92     2          6     110     27.6      102        8        0       0
  TB             414   173   132    86         23      78     22.2       30       40        8       0
 TEN             339   242    72    11         14      78     22.9       33       45        0       0
 WAS             364   175   112    44         33      42     14.6        9        3       25       5
