Season 2023 REG — 32 teams

Team  Non-QB Carries  Top1  Top2  Top3  Remainder  RB Rec  RB Rec%  RB1 Rec  RB2 Rec  RB3 Rec  RB Rem
----  --------------  ----  ----  ----  ---------  ------  -------  -------  -------  -------  ------
 ARI             372   208    58    35         71      66     18.6       27       21        4      14
 ATL             453   214   186    50          3      85     26.0       58       18        9       0
 BAL             378   198    84    47         49      61     18.6       12       28        9      12
 BUF             388   237    79    30         42      71     18.4       44       17        7       3
 CAR             403   238   129    14         22      72     20.6       39       27        6       0
 CHI             385   132   109    81         63      72     22.4       20       11       34       7
 CIN             325   257    44    15          9      74     17.6       52       14        7       1
 CLE             449   204   135    63         47      68     19.2       44       15        5       4
 DAL             401   252    89    23         37      82     19.2       55       17        7       3
 DEN             362   217    76    53         16     128     38.0       47       31       50       0
 DET             466   219   182    41         24      75     18.4       16       52        5       2
  GB             388   178   142    32         36      68     18.2       22       30       11       5
 HOU             401   216   145    11         29      52     14.0       30       13        2       7
 IND             420   183   169    35         33      62     17.5       27       19        3      13
 JAX             372   267    50    41         14      69     16.7       58        1       10       0
  KC             335   205    70    22         38      89     21.1       44       17        3      25
  LA             436   228    77    46         85      48     13.3       32        1       10       5
 LAC             352   179   107    37         29      67     16.4       51        8        6       2
  LV             373   233   104    15         21      72     20.7       37       15       19       1
 MIA             413   209   103    41         60      82     20.9       25       27       14      16
 MIN             333   180   102    38         13      62     14.6       30       21       11       0
  NE             372   184   156    16         16      92     26.2       51       38        3       0
  NO             443   180   106    81         76     107     26.4       75       18       10       4
 NYG             340   247    55    17         21      72     21.3       41       17        6       8
 NYJ             337   223    67    22         25     116     32.6       76       15        7      18
 PHI             345   229    84    20         12      74     20.1       39       30        4       1
 PIT             419   255   149    11          4      92     28.5       29       61        2       0
 SEA             340   219   108    10          3      68     18.3       29       33        6       0
  SF             439   272    75    40         52      76     22.6       67        6        3       0
  TB             376   272    49    24         31      82     22.5       64       14        2       2
 TEN             397   280   100     5         12      80     26.3       28       52        0       0
 WAS             308   178    65    51         14      89     21.9       36       48        2       3
